FGFR3_stimulus	TGFBR_stimulus	Growth_Arrest	Proliferation	EGFR_stimulus	DNA_damage	Apoptosis	MAP3K1_3	PPP2CA	MEK1_2	GADD45	FGFR3	FOXO3	DUSP1	TGFBR	GRB2	MDM2	BCL2	SMAD	TAK1	CREB	EGFR	PLCG	SPRY	TAOK	FRS2	GAB1	PDK1	PI3K	ELK1	MTK1	PTEN	ATF2	ATM	SOS	RAF	AKT	MSK	JUN	AP1	p38	p70	MAX	ERK	p21	RSK	FOS	PKC	MYC	p14	p53	JNK	RAS	
0	0	0	1	0	0	0	1	0	1	0	0	0	1	0	1	1	1	0	0	1	1	1	1	0	0	1	1	1	1	0	0	0	0	0	0	1	1	0	0	0	1	0	1	0	1	1	1	1	0	0	0	1	
1	0	0	1	0	0	0	1	0	1	0	0	0	1	0	1	1	1	0	0	1	1	1	1	0	0	1	1	1	1	0	0	0	0	0	0	1	1	0	0	0	1	0	1	0	1	1	1	1	0	0	0	1	
0	1	0	0	0	0	0	1	1	0	1	0	0	1	1	1	1	1	1	1	1	1	1	0	0	0	1	1	1	1	1	0	1	0	1	0	1	1	1	1	1	0	1	0	0	0	0	1	1	0	0	1	1	
1	1	0	0	0	0	0	1	1	0	1	0	0	1	1	1	1	1	1	1	1	1	1	0	0	0	1	1	1	1	1	0	1	0	1	0	1	1	1	1	1	0	1	0	0	0	0	1	1	0	0	1	1	
0	0	0	1	1	0	0	1	0	1	0	0	0	1	0	1	1	1	0	0	1	1	1	1	0	0	1	1	1	1	0	0	0	0	0	0	1	1	0	0	0	1	0	1	0	1	1	1	1	0	0	0	1	
1	0	0	1	1	0	0	1	0	1	0	0	0	1	0	1	1	1	0	0	1	1	1	1	0	0	1	1	1	1	0	0	0	0	0	0	1	1	0	0	0	1	0	1	0	1	1	1	1	0	0	0	1	
0	1	0	0	1	0	0	1	1	0	1	0	0	1	1	1	1	1	1	1	1	1	1	0	0	0	1	1	1	1	1	0	1	0	1	0	1	1	1	1	1	0	1	0	0	0	0	1	1	0	0	1	1	
1	1	0	0	1	0	0	1	1	0	1	0	0	1	1	1	1	1	1	1	1	1	1	0	0	0	1	1	1	1	1	0	1	0	1	0	1	1	1	1	1	0	1	0	0	0	0	1	1	0	0	1	1	
0	0	1	0	0	1	1	1	1	0	1	0	1	1	0	1	1	0	0	0	1	1	1	0	1	0	1	1	1	1	1	1	1	1	1	1	0	1	1	1	1	0	1	0	1	0	0	1	1	0	1	1	1	
1	0	1	0	0	1	1	1	1	0	1	0	1	1	0	1	1	0	0	0	1	1	1	0	1	0	1	1	1	1	1	1	1	1	1	1	0	1	1	1	1	0	1	0	1	0	0	1	1	0	1	1	1	
0	1	1	0	0	1	1	1	1	0	1	0	1	1	1	1	1	0	1	1	1	1	1	0	1	0	1	1	1	1	1	1	1	1	1	1	0	1	1	1	1	0	1	0	1	0	0	1	1	0	1	1	1	
1	1	1	0	0	1	1	1	1	0	1	0	1	1	1	1	1	0	1	1	1	1	1	0	1	0	1	1	1	1	1	1	1	1	1	1	0	1	1	1	1	0	1	0	1	0	0	1	1	0	1	1	1	
0	0	1	0	1	1	1	1	1	0	1	0	1	1	0	1	1	0	0	0	1	1	1	0	1	0	1	1	1	1	1	1	1	1	1	1	0	1	1	1	1	0	1	0	1	0	0	1	1	0	1	1	1	
1	0	1	0	1	1	1	1	1	0	1	0	1	1	0	1	1	0	0	0	1	1	1	0	1	0	1	1	1	1	1	1	1	1	1	1	0	1	1	1	1	0	1	0	1	0	0	1	1	0	1	1	1	
0	1	1	0	1	1	1	1	1	0	1	0	1	1	1	1	1	0	1	1	1	1	1	0	1	0	1	1	1	1	1	1	1	1	1	1	0	1	1	1	1	0	1	0	1	0	0	1	1	0	1	1	1	
1	1	1	0	1	1	1	1	1	0	1	0	1	1	1	1	1	0	1	1	1	1	1	0	1	0	1	1	1	1	1	1	1	1	1	1	0	1	1	1	1	0	1	0	1	0	0	1	1	0	1	1	1	
